sample1	sample2	N_informative_sites	discordance	log_p	N_fit_iteration	N_generation	N_state_transition	seq_shared_best_traj	fract_sites_IBD	fract_vit_sites_IBD
3D7/PG0051-C/ERR019061	HB3/PG0052-C/ERR019054	13621	1.0000	-2.11833e+04	2	0.000	0	0.00000	0.00000	0.00000
3D7/PG0051-C/ERR019061	C01/PG0062-C/ERR019070	10710	0.8227	-1.65712e+04	3	2.122	15	0.36826	0.35097	0.35225
3D7/PG0051-C/ERR019061	C01/PG0065-C/ERR019064	10710	0.8225	-1.65666e+04	3	2.122	15	0.36826	0.35096	0.35225
3D7/PG0051-C/ERR019061	C02/PG0053-C/ERR019067	6421	0.8971	-1.26279e+04	3	2.073	15	0.63430	0.57467	0.57617
3D7/PG0051-C/ERR019061	C02/PG0055-C/ERR019066	6422	0.8966	-1.26290e+04	3	2.051	15	0.63430	0.57519	0.57617
3D7/PG0051-C/ERR019061	C02/PG0056-C/ERR019068	6422	0.8971	-1.26289e+04	3	2.055	15	0.63430	0.57519	0.57617
3D7/PG0051-C/ERR019061	C02/PG0067-C/ERR019073	6422	0.8969	-1.26221e+04	3	2.050	15	0.63430	0.57519	0.57617
3D7/PG0051-C/ERR019061	C03/PG0066-C/ERR019072	9479	0.8069	-1.51332e+04	3	2.294	17	0.46270	0.43458	0.43580
3D7/PG0051-C/ERR019061	C04/PG0061-C/ERR019059	8227	0.6564	-1.37521e+04	4	3.031	21	0.58026	0.59384	0.59408
3D7/PG0051-C/ERR019061	C05/PG0068-C/ERR019065	7553	0.4369	-1.27134e+04	3	1.892	11	0.74375	0.75489	0.75619
3D7/PG0051-C/ERR019061	C06/PG0069-C/ERR019055	8995	0.7102	-1.46244e+04	3	2.482	19	0.51255	0.52766	0.52896
3D7/PG0051-C/ERR019061	C07/PG0070-C/ERR019056	9186	0.7108	-1.43923e+04	4	2.195	16	0.52979	0.51939	0.52059
3D7/PG0051-C/ERR019061	C08/PG0071-C/ERR019074	9414	0.7675	-1.51291e+04	2	1.302	10	0.47485	0.46791	0.46906
3D7/PG0051-C/ERR019061	C09/PG0072-C/ERR019057	9737	0.8086	-1.54433e+04	3	2.490	19	0.45463	0.41986	0.42133
3D7/PG0051-C/ERR019061	C10/PG0063-C/ERR019060	8504	0.8574	-1.51239e+04	4	2.417	17	0.47484	0.45769	0.45474
3D7/PG0051-C/ERR019061	C11/PG0064-C/ERR019071	8836	0.7336	-1.47579e+04	3	3.012	23	0.57124	0.51745	0.52228
3D7/PG0051-C/ERR019061	C12/PG0058-C/ERR019063	8143	0.7010	-1.38908e+04	3	2.346	17	0.60086	0.57621	0.57778
3D7/PG0051-C/ERR019061	C13/PG0054-C/ERR019062	8719	0.8351	-1.50991e+04	3	2.336	18	0.52631	0.46268	0.46428
3D7/PG0051-C/ERR019061	C14/PG0060-C/ERR019058	9111	0.7212	-1.47997e+04	3	3.109	24	0.54649	0.51502	0.51589
3D7/PG0051-C/ERR019061	C15/PG0057-C/ERR019069	8584	0.8127	-1.44698e+04	3	2.612	20	0.55189	0.48526	0.48704
HB3/PG0052-C/ERR019054	C01/PG0062-C/ERR019070	9448	0.5088	-1.43197e+04	3	2.103	15	0.63004	0.64589	0.64665
HB3/PG0052-C/ERR019054	C01/PG0065-C/ERR019064	9450	0.5090	-1.43279e+04	3	2.103	15	0.63004	0.64590	0.64665
HB3/PG0052-C/ERR019054	C02/PG0053-C/ERR019067	8212	0.9570	-1.47540e+04	3	2.307	17	0.36283	0.42093	0.42229
HB3/PG0052-C/ERR019054	C02/PG0055-C/ERR019066	8214	0.9571	-1.47717e+04	3	2.307	17	0.36283	0.42093	0.42229
HB3/PG0052-C/ERR019054	C02/PG0056-C/ERR019068	8211	0.9571	-1.47515e+04	3	2.307	17	0.36283	0.42093	0.42229
HB3/PG0052-C/ERR019054	C02/PG0067-C/ERR019073	8211	0.9571	-1.47509e+04	3	2.307	17	0.36283	0.42093	0.42229
HB3/PG0052-C/ERR019054	C03/PG0066-C/ERR019072	9381	0.6366	-1.48225e+04	4	2.501	17	0.53285	0.55998	0.56134
HB3/PG0052-C/ERR019054	C04/PG0061-C/ERR019059	10378	0.7841	-1.65169e+04	4	3.777	28	0.41166	0.39875	0.40100
HB3/PG0052-C/ERR019054	C05/PG0068-C/ERR019065	11803	0.8743	-1.86449e+04	3	1.908	11	0.25400	0.24108	0.24183
HB3/PG0052-C/ERR019054	C06/PG0069-C/ERR019055	10157	0.7120	-1.59654e+04	3	3.003	23	0.48457	0.46698	0.46854
HB3/PG0052-C/ERR019054	C07/PG0070-C/ERR019056	10207	0.6946	-1.55577e+04	3	1.947	15	0.46936	0.47778	0.47889
HB3/PG0052-C/ERR019054	C08/PG0071-C/ERR019074	9737	0.6566	-1.52147e+04	2	1.296	10	0.52399	0.53020	0.53043
HB3/PG0052-C/ERR019054	C09/PG0072-C/ERR019057	9312	0.6061	-1.44357e+04	3	2.008	15	0.53982	0.57366	0.57411
HB3/PG0052-C/ERR019054	C10/PG0063-C/ERR019060	8764	0.7223	-1.47010e+04	3	2.338	18	0.51014	0.53386	0.53462
HB3/PG0052-C/ERR019054	C11/PG0064-C/ERR019071	9897	0.7201	-1.59832e+04	3	2.993	23	0.42538	0.47318	0.47434
HB3/PG0052-C/ERR019054	C12/PG0058-C/ERR019063	9983	0.7922	-1.61287e+04	3	3.097	23	0.39307	0.41718	0.41840
HB3/PG0052-C/ERR019054	C13/PG0054-C/ERR019062	8989	0.7052	-1.47702e+04	2	2.330	18	0.47179	0.53349	0.53454
HB3/PG0052-C/ERR019054	C14/PG0060-C/ERR019058	10091	0.6983	-1.56708e+04	3	2.856	22	0.44894	0.48002	0.48176
HB3/PG0052-C/ERR019054	C15/PG0057-C/ERR019069	9156	0.7253	-1.48231e+04	3	2.590	20	0.44587	0.51038	0.51178
C01/PG0062-C/ERR019070	C01/PG0065-C/ERR019064	6540	0.0003	-9.46436e+03	2	0.000	0	1.00000	1.00000	1.00000
C01/PG0062-C/ERR019070	C02/PG0053-C/ERR019067	7544	0.9987	-1.34692e+04	4	4.094	30	0.43942	0.44004	0.44395
C01/PG0062-C/ERR019070	C02/PG0055-C/ERR019066	7544	0.9985	-1.34754e+04	3	4.041	30	0.43942	0.44114	0.44395
C01/PG0062-C/ERR019070	C02/PG0056-C/ERR019068	7543	0.9987	-1.34636e+04	3	4.036	30	0.43942	0.44115	0.44395
C01/PG0062-C/ERR019070	C02/PG0067-C/ERR019073	7542	0.9987	-1.34616e+04	3	4.036	30	0.43942	0.44115	0.44395
C01/PG0062-C/ERR019070	C03/PG0066-C/ERR019072	8552	0.6228	-1.33336e+04	4	4.891	32	0.65122	0.60451	0.60612
C01/PG0062-C/ERR019070	C04/PG0061-C/ERR019059	9306	0.7526	-1.47511e+04	4	5.699	43	0.50529	0.47937	0.48322
C01/PG0062-C/ERR019070	C05/PG0068-C/ERR019065	9818	0.7499	-1.54708e+04	3	3.165	24	0.45175	0.45411	0.45665
C01/PG0062-C/ERR019070	C06/PG0069-C/ERR019055	9291	0.7009	-1.44384e+04	3	4.480	34	0.52421	0.51631	0.51890
C01/PG0062-C/ERR019070	C07/PG0070-C/ERR019056	8505	0.5523	-1.28552e+04	4	4.522	31	0.66666	0.65097	0.65421
C01/PG0062-C/ERR019070	C08/PG0071-C/ERR019074	9738	0.7605	-1.50101e+04	3	3.008	23	0.50978	0.45267	0.45430
C01/PG0062-C/ERR019070	C09/PG0072-C/ERR019057	8839	0.6461	-1.35178e+04	3	4.257	32	0.50402	0.56804	0.57037
C01/PG0062-C/ERR019070	C10/PG0063-C/ERR019060	8699	0.8292	-1.46143e+04	4	4.195	30	0.49032	0.46189	0.45878
C01/PG0062-C/ERR019070	C11/PG0064-C/ERR019071	9969	0.8307	-1.59095e+04	4	4.727	34	0.40479	0.38221	0.38793
C01/PG0062-C/ERR019070	C12/PG0058-C/ERR019063	9755	0.8676	-1.55966e+04	4	4.588	32	0.38262	0.37066	0.37391
C01/PG0062-C/ERR019070	C13/PG0054-C/ERR019062	9087	0.8304	-1.49603e+04	3	4.440	33	0.41959	0.44118	0.44446
C01/PG0062-C/ERR019070	C14/PG0060-C/ERR019058	9318	0.6992	-1.43831e+04	3	4.883	37	0.54492	0.51611	0.51876
C01/PG0062-C/ERR019070	C15/PG0057-C/ERR019069	8883	0.7998	-1.42510e+04	4	4.616	33	0.39648	0.47207	0.47449
C01/PG0065-C/ERR019064	C02/PG0053-C/ERR019067	7545	0.9987	-1.34759e+04	4	4.097	30	0.43942	0.44004	0.44395
C01/PG0065-C/ERR019064	C02/PG0055-C/ERR019066	7545	0.9985	-1.34821e+04	3	4.044	30	0.43942	0.44113	0.44395
C01/PG0065-C/ERR019064	C02/PG0056-C/ERR019068	7544	0.9987	-1.34703e+04	3	4.039	30	0.43942	0.44114	0.44395
C01/PG0065-C/ERR019064	C02/PG0067-C/ERR019073	7543	0.9987	-1.34683e+04	3	4.039	30	0.43942	0.44114	0.44395
C01/PG0065-C/ERR019064	C03/PG0066-C/ERR019072	8553	0.6228	-1.33352e+04	4	4.895	32	0.65122	0.60450	0.60612
C01/PG0065-C/ERR019064	C04/PG0061-C/ERR019059	9306	0.7526	-1.47515e+04	4	5.703	43	0.50529	0.47940	0.48322
C01/PG0065-C/ERR019064	C05/PG0068-C/ERR019065	9818	0.7496	-1.54655e+04	3	3.164	24	0.45175	0.45412	0.45665
C01/PG0065-C/ERR019064	C06/PG0069-C/ERR019055	9293	0.7009	-1.44415e+04	3	4.480	34	0.52421	0.51631	0.51890
C01/PG0065-C/ERR019064	C07/PG0070-C/ERR019056	8506	0.5524	-1.28579e+04	4	4.522	31	0.66666	0.65096	0.65421
C01/PG0065-C/ERR019064	C08/PG0071-C/ERR019074	9740	0.7606	-1.50134e+04	3	3.008	23	0.50978	0.45266	0.45430
C01/PG0065-C/ERR019064	C09/PG0072-C/ERR019057	8841	0.6462	-1.35201e+04	3	4.260	32	0.50402	0.56802	0.57037
C01/PG0065-C/ERR019064	C10/PG0063-C/ERR019060	8701	0.8291	-1.46218e+04	4	4.199	30	0.49032	0.46190	0.45878
C01/PG0065-C/ERR019064	C11/PG0064-C/ERR019071	9969	0.8306	-1.59103e+04	4	4.727	34	0.40479	0.38222	0.38793
C01/PG0065-C/ERR019064	C12/PG0058-C/ERR019063	9755	0.8675	-1.55972e+04	4	4.588	32	0.38262	0.37066	0.37391
C01/PG0065-C/ERR019064	C13/PG0054-C/ERR019062	9087	0.8304	-1.49550e+04	3	4.436	33	0.41959	0.44118	0.44446
C01/PG0065-C/ERR019064	C14/PG0060-C/ERR019058	9319	0.6991	-1.43846e+04	3	4.887	37	0.54492	0.51609	0.51876
C01/PG0065-C/ERR019064	C15/PG0057-C/ERR019069	8884	0.8001	-1.42589e+04	4	4.639	33	0.39648	0.47214	0.47449
C02/PG0053-C/ERR019067	C02/PG0055-C/ERR019066	1017	0.0049	-5.97078e+03	3	0.000	0	1.00000	1.00000	1.00000
C02/PG0053-C/ERR019067	C02/PG0056-C/ERR019068	1014	0.0020	-5.95206e+03	3	0.000	0	1.00000	1.00000	1.00000
C02/PG0053-C/ERR019067	C02/PG0067-C/ERR019073	1014	0.0010	-5.94529e+03	3	0.000	0	1.00000	1.00000	1.00000
C02/PG0053-C/ERR019067	C03/PG0066-C/ERR019072	5882	0.9369	-1.15461e+04	5	5.373	38	0.60163	0.58770	0.59122
C02/PG0053-C/ERR019067	C04/PG0061-C/ERR019059	5879	0.9656	-1.18506e+04	4	4.954	36	0.56881	0.57362	0.57786
C02/PG0053-C/ERR019067	C05/PG0068-C/ERR019065	6407	0.9466	-1.28314e+04	4	3.440	25	0.54547	0.54551	0.54489
C02/PG0053-C/ERR019067	C06/PG0069-C/ERR019055	6033	0.9151	-1.18808e+04	4	4.790	34	0.63050	0.58847	0.59247
C02/PG0053-C/ERR019067	C07/PG0070-C/ERR019056	6447	0.9471	-1.18980e+04	4	4.506	32	0.58270	0.54612	0.55055
C02/PG0053-C/ERR019067	C08/PG0071-C/ERR019074	6256	0.9535	-1.20711e+04	3	3.615	27	0.53359	0.55765	0.56090
C02/PG0053-C/ERR019067	C09/PG0072-C/ERR019057	6141	0.9342	-1.17040e+04	4	4.798	34	0.57911	0.57152	0.57499
C02/PG0053-C/ERR019067	C10/PG0063-C/ERR019060	4398	0.9407	-1.05526e+04	5	5.380	34	0.66585	0.68785	0.68989
C02/PG0053-C/ERR019067	C11/PG0064-C/ERR019071	5854	0.9520	-1.20656e+04	4	5.485	39	0.58350	0.57606	0.57830
C02/PG0053-C/ERR019067	C12/PG0058-C/ERR019063	4998	0.8952	-1.08557e+04	5	5.716	36	0.63841	0.66386	0.66706
C02/PG0053-C/ERR019067	C13/PG0054-C/ERR019062	4957	0.9710	-1.10337e+04	4	4.753	33	0.63665	0.64063	0.64503
C02/PG0053-C/ERR019067	C14/PG0060-C/ERR019058	6268	0.9475	-1.21286e+04	4	4.508	33	0.53532	0.55552	0.55899
C02/PG0053-C/ERR019067	C15/PG0057-C/ERR019069	4573	0.8771	-1.00882e+04	4	5.704	35	0.70808	0.69752	0.70487
C02/PG0055-C/ERR019066	C02/PG0056-C/ERR019068	1017	0.0049	-5.97097e+03	2	0.000	0	1.00000	1.00000	1.00000
C02/PG0055-C/ERR019066	C02/PG0067-C/ERR019073	1017	0.0039	-5.96421e+03	2	0.000	0	1.00000	1.00000	1.00000
C02/PG0055-C/ERR019066	C03/PG0066-C/ERR019072	5883	0.9368	-1.15532e+04	5	5.318	38	0.60163	0.58874	0.59122
C02/PG0055-C/ERR019066	C04/PG0061-C/ERR019059	5880	0.9653	-1.18524e+04	4	4.902	36	0.56881	0.57463	0.57786
C02/PG0055-C/ERR019066	C05/PG0068-C/ERR019065	6408	0.9462	-1.28340e+04	3	3.478	26	0.55324	0.54893	0.55194
C02/PG0055-C/ERR019066	C06/PG0069-C/ERR019055	6033	0.9148	-1.18872e+04	4	4.736	34	0.63050	0.58945	0.59247
C02/PG0055-C/ERR019066	C07/PG0070-C/ERR019056	6447	0.9470	-1.19042e+04	4	4.457	32	0.58270	0.54712	0.55055
C02/PG0055-C/ERR019066	C08/PG0071-C/ERR019074	6257	0.9535	-1.20834e+04	3	3.577	27	0.53359	0.55849	0.56090
C02/PG0055-C/ERR019066	C09/PG0072-C/ERR019057	6143	0.9342	-1.17175e+04	4	4.748	34	0.57911	0.57251	0.57499
C02/PG0055-C/ERR019066	C10/PG0063-C/ERR019060	4399	0.9400	-1.05588e+04	5	5.393	34	0.66585	0.68807	0.68989
C02/PG0055-C/ERR019066	C11/PG0064-C/ERR019071	5854	0.9517	-1.20752e+04	4	5.545	40	0.59295	0.58037	0.58689
C02/PG0055-C/ERR019066	C12/PG0058-C/ERR019063	5000	0.8952	-1.08688e+04	5	5.662	36	0.63841	0.66478	0.66706
C02/PG0055-C/ERR019066	C13/PG0054-C/ERR019062	4957	0.9705	-1.10346e+04	4	4.703	33	0.63665	0.64151	0.64503
C02/PG0055-C/ERR019066	C14/PG0060-C/ERR019058	6270	0.9474	-1.21365e+04	4	4.459	33	0.53532	0.55650	0.55899
C02/PG0055-C/ERR019066	C15/PG0057-C/ERR019069	4575	0.8769	-1.01011e+04	4	5.606	35	0.70808	0.70087	0.70487
C02/PG0056-C/ERR019068	C02/PG0067-C/ERR019073	1014	0.0010	-5.94549e+03	2	0.000	0	1.00000	1.00000	1.00000
C02/PG0056-C/ERR019068	C03/PG0066-C/ERR019072	5881	0.9369	-1.15405e+04	5	5.309	38	0.60163	0.58875	0.59122
C02/PG0056-C/ERR019068	C04/PG0061-C/ERR019059	5880	0.9658	-1.18522e+04	4	4.924	36	0.56881	0.57463	0.57786
C02/PG0056-C/ERR019068	C05/PG0068-C/ERR019065	6407	0.9465	-1.28274e+04	3	3.475	26	0.55324	0.54893	0.55194
C02/PG0056-C/ERR019068	C06/PG0069-C/ERR019055	6031	0.9149	-1.18732e+04	4	4.735	34	0.63050	0.58945	0.59247
C02/PG0056-C/ERR019068	C07/PG0070-C/ERR019056	6445	0.9471	-1.18910e+04	4	4.451	32	0.58270	0.54713	0.55055
C02/PG0056-C/ERR019068	C08/PG0071-C/ERR019074	6254	0.9535	-1.20641e+04	3	3.573	27	0.53359	0.55850	0.56090
C02/PG0056-C/ERR019068	C09/PG0072-C/ERR019057	6140	0.9342	-1.16978e+04	4	4.741	34	0.57911	0.57252	0.57499
C02/PG0056-C/ERR019068	C10/PG0063-C/ERR019060	4399	0.9407	-1.05547e+04	5	5.387	34	0.66479	0.68781	0.68960
C02/PG0056-C/ERR019068	C11/PG0064-C/ERR019071	5854	0.9520	-1.20693e+04	4	5.582	40	0.59295	0.58035	0.58689
C02/PG0056-C/ERR019068	C12/PG0058-C/ERR019063	4998	0.8952	-1.08509e+04	5	5.655	36	0.63841	0.66479	0.66706
C02/PG0056-C/ERR019068	C13/PG0054-C/ERR019062	4956	0.9709	-1.10276e+04	4	4.703	33	0.63665	0.64151	0.64503
C02/PG0056-C/ERR019068	C14/PG0060-C/ERR019058	6268	0.9475	-1.21238e+04	4	4.453	33	0.53532	0.55651	0.55899
C02/PG0056-C/ERR019068	C15/PG0057-C/ERR019069	4574	0.8771	-1.00892e+04	4	5.632	35	0.70808	0.70087	0.70487
C02/PG0067-C/ERR019073	C03/PG0066-C/ERR019072	5880	0.9369	-1.15384e+04	5	5.309	38	0.60163	0.58875	0.59122
C02/PG0067-C/ERR019073	C04/PG0061-C/ERR019059	5880	0.9656	-1.18455e+04	4	4.895	36	0.56881	0.57464	0.57786
C02/PG0067-C/ERR019073	C05/PG0068-C/ERR019065	6408	0.9465	-1.28271e+04	3	3.475	26	0.55324	0.54893	0.55194
C02/PG0067-C/ERR019073	C06/PG0069-C/ERR019055	6031	0.9149	-1.18725e+04	4	4.735	34	0.63050	0.58945	0.59247
C02/PG0067-C/ERR019073	C07/PG0070-C/ERR019056	6445	0.9471	-1.18904e+04	4	4.451	32	0.58270	0.54713	0.55055
C02/PG0067-C/ERR019073	C08/PG0071-C/ERR019074	6254	0.9535	-1.20634e+04	3	3.573	27	0.53359	0.55850	0.56090
C02/PG0067-C/ERR019073	C09/PG0072-C/ERR019057	6141	0.9342	-1.16980e+04	4	4.741	34	0.57911	0.57252	0.57499
C02/PG0067-C/ERR019073	C10/PG0063-C/ERR019060	4399	0.9404	-1.05514e+04	5	5.391	34	0.66585	0.68807	0.68989
C02/PG0067-C/ERR019073	C11/PG0064-C/ERR019071	5854	0.9518	-1.20625e+04	4	5.545	40	0.59295	0.58037	0.58689
C02/PG0067-C/ERR019073	C12/PG0058-C/ERR019063	4999	0.8952	-1.08505e+04	5	5.653	36	0.63841	0.66479	0.66706
C02/PG0067-C/ERR019073	C13/PG0054-C/ERR019062	4957	0.9710	-1.10272e+04	4	4.703	33	0.63665	0.64151	0.64503
C02/PG0067-C/ERR019073	C14/PG0060-C/ERR019058	6268	0.9475	-1.21227e+04	4	4.453	33	0.53532	0.55651	0.55899
C02/PG0067-C/ERR019073	C15/PG0057-C/ERR019069	4573	0.8769	-1.00816e+04	4	5.596	35	0.70808	0.70089	0.70487
C03/PG0066-C/ERR019072	C04/PG0061-C/ERR019059	8335	0.7634	-1.37265e+04	4	5.851	44	0.54443	0.52556	0.52896
C03/PG0066-C/ERR019072	C05/PG0068-C/ERR019065	9090	0.7926	-1.48056e+04	4	3.906	28	0.45173	0.46541	0.46869
C03/PG0066-C/ERR019072	C06/PG0069-C/ERR019055	9232	0.8333	-1.48360e+04	4	5.182	38	0.50001	0.42937	0.43169
C03/PG0066-C/ERR019072	C07/PG0070-C/ERR019056	8207	0.6581	-1.28582e+04	4	4.348	29	0.65569	0.59746	0.59878
C03/PG0066-C/ERR019072	C08/PG0071-C/ERR019074	8303	0.7028	-1.33634e+04	4	3.610	23	0.59755	0.56612	0.56596
C03/PG0066-C/ERR019072	C09/PG0072-C/ERR019057	8584	0.7452	-1.36285e+04	4	4.869	34	0.53235	0.52406	0.52683
C03/PG0066-C/ERR019072	C10/PG0063-C/ERR019060	7601	0.8309	-1.35078e+04	4	4.878	36	0.50258	0.52705	0.52970
C03/PG0066-C/ERR019072	C11/PG0064-C/ERR019071	8477	0.7782	-1.41034e+04	4	5.748	42	0.49964	0.50521	0.50987
C03/PG0066-C/ERR019072	C12/PG0058-C/ERR019063	8540	0.8588	-1.42879e+04	4	4.493	34	0.46818	0.45590	0.45944
C03/PG0066-C/ERR019072	C13/PG0054-C/ERR019062	7577	0.7690	-1.31822e+04	4	4.997	37	0.51312	0.56581	0.56795
C03/PG0066-C/ERR019072	C14/PG0060-C/ERR019058	8020	0.6505	-1.30289e+04	5	5.915	41	0.60868	0.60947	0.61266
C03/PG0066-C/ERR019072	C15/PG0057-C/ERR019069	7877	0.8116	-1.32431e+04	4	5.292	39	0.48421	0.52388	0.52676
C04/PG0061-C/ERR019059	C05/PG0068-C/ERR019065	7974	0.6556	-1.36676e+04	4	4.637	34	0.57409	0.60367	0.60583
C04/PG0061-C/ERR019059	C06/PG0069-C/ERR019055	9341	0.8742	-1.53385e+04	4	5.608	39	0.36429	0.38569	0.38830
C04/PG0061-C/ERR019059	C07/PG0070-C/ERR019056	8811	0.7791	-1.40425e+04	4	5.024	38	0.50263	0.48429	0.48682
C04/PG0061-C/ERR019059	C08/PG0071-C/ERR019074	8541	0.7688	-1.40476e+04	4	4.328	33	0.52243	0.50679	0.50870
C04/PG0061-C/ERR019059	C09/PG0072-C/ERR019057	8776	0.7955	-1.41369e+04	4	5.210	38	0.47244	0.47314	0.47779
C04/PG0061-C/ERR019059	C10/PG0063-C/ERR019060	7059	0.7654	-1.30688e+04	4	5.329	39	0.56426	0.59270	0.59636
C04/PG0061-C/ERR019059	C11/PG0064-C/ERR019071	8401	0.7972	-1.43492e+04	4	6.104	45	0.55737	0.49129	0.49732
C04/PG0061-C/ERR019059	C12/PG0058-C/ERR019063	7711	0.7690	-1.33826e+04	4	5.305	38	0.55820	0.55129	0.55363
C04/PG0061-C/ERR019059	C13/PG0054-C/ERR019062	8149	0.8765	-1.43299e+04	4	5.615	42	0.45612	0.46791	0.47251
C04/PG0061-C/ERR019059	C14/PG0060-C/ERR019058	7596	0.5978	-1.26705e+04	4	6.327	43	0.64961	0.65920	0.66207
C04/PG0061-C/ERR019059	C15/PG0057-C/ERR019069	7757	0.8153	-1.32928e+04	4	5.752	42	0.52756	0.52739	0.53183
C05/PG0068-C/ERR019065	C06/PG0069-C/ERR019055	9359	0.7960	-1.54847e+04	3	3.994	30	0.43585	0.44649	0.44967
C05/PG0068-C/ERR019065	C07/PG0070-C/ERR019056	10253	0.8776	-1.62703e+04	4	4.110	27	0.34787	0.33419	0.33742
C05/PG0068-C/ERR019065	C08/PG0071-C/ERR019074	10214	0.8966	-1.66316e+04	4	3.106	21	0.34106	0.32278	0.32545
C05/PG0068-C/ERR019065	C09/PG0072-C/ERR019057	8882	0.7316	-1.44292e+04	3	3.702	28	0.52241	0.51776	0.52023
C05/PG0068-C/ERR019065	C10/PG0063-C/ERR019060	7426	0.7365	-1.37064e+04	4	4.077	28	0.58723	0.59027	0.58755
C05/PG0068-C/ERR019065	C11/PG0064-C/ERR019071	9319	0.8354	-1.57829e+04	4	4.521	33	0.45113	0.41877	0.41832
C05/PG0068-C/ERR019065	C12/PG0058-C/ERR019063	8715	0.8244	-1.49743e+04	3	3.961	30	0.49636	0.46647	0.46979
C05/PG0068-C/ERR019065	C13/PG0054-C/ERR019062	8201	0.8021	-1.45289e+04	3	3.804	29	0.54148	0.51211	0.51494
C05/PG0068-C/ERR019065	C14/PG0060-C/ERR019058	9271	0.7793	-1.52864e+04	3	4.602	35	0.47895	0.46358	0.46612
C05/PG0068-C/ERR019065	C15/PG0057-C/ERR019069	7961	0.7618	-1.38347e+04	3	3.822	28	0.57323	0.54514	0.54335
C06/PG0069-C/ERR019055	C07/PG0070-C/ERR019056	8088	0.6023	-1.26258e+04	4	5.100	34	0.62898	0.63725	0.63923
C06/PG0069-C/ERR019055	C08/PG0071-C/ERR019074	7889	0.5975	-1.27623e+04	4	4.455	31	0.63974	0.65062	0.65289
C06/PG0069-C/ERR019055	C09/PG0072-C/ERR019057	8151	0.6427	-1.29886e+04	4	5.629	40	0.62559	0.60961	0.61244
C06/PG0069-C/ERR019055	C10/PG0063-C/ERR019060	8375	0.9041	-1.47252e+04	4	5.262	36	0.44885	0.43502	0.43235
C06/PG0069-C/ERR019055	C11/PG0064-C/ERR019071	8564	0.7563	-1.42541e+04	4	5.254	38	0.54315	0.51262	0.51678
C06/PG0069-C/ERR019055	C12/PG0058-C/ERR019063	8351	0.7977	-1.41119e+04	4	5.758	42	0.50747	0.50381	0.50635
C06/PG0069-C/ERR019055	C13/PG0054-C/ERR019062	8453	0.8622	-1.44883e+04	3	4.369	33	0.50046	0.45827	0.46105
C06/PG0069-C/ERR019055	C14/PG0060-C/ERR019058	9530	0.8338	-1.53063e+04	4	5.650	41	0.42748	0.40878	0.41150
C06/PG0069-C/ERR019055	C15/PG0057-C/ERR019069	8003	0.7936	-1.35126e+04	4	5.132	37	0.53493	0.52678	0.53080
C07/PG0070-C/ERR019056	C08/PG0071-C/ERR019074	7613	0.5150	-1.18189e+04	4	4.393	26	0.73690	0.70953	0.71147
C07/PG0070-C/ERR019056	C09/PG0072-C/ERR019057	8701	0.7006	-1.33278e+04	4	4.412	32	0.53495	0.54732	0.55011
C07/PG0070-C/ERR019056	C10/PG0063-C/ERR019060	8811	0.9309	-1.48228e+04	4	4.203	28	0.42659	0.38864	0.38639
C07/PG0070-C/ERR019056	C11/PG0064-C/ERR019071	8502	0.7189	-1.37097e+04	4	5.387	39	0.54206	0.54233	0.54812
C07/PG0070-C/ERR019056	C12/PG0058-C/ERR019063	8093	0.7295	-1.31870e+04	5	5.076	34	0.56588	0.55884	0.56259
C07/PG0070-C/ERR019056	C13/PG0054-C/ERR019062	8720	0.8692	-1.44326e+04	4	4.525	32	0.45478	0.43764	0.44145
C07/PG0070-C/ERR019056	C14/PG0060-C/ERR019058	8602	0.6798	-1.34263e+04	4	5.132	37	0.60886	0.56534	0.56839
C07/PG0070-C/ERR019056	C15/PG0057-C/ERR019069	8287	0.8058	-1.33926e+04	4	4.944	36	0.45383	0.50459	0.50870
C08/PG0071-C/ERR019074	C09/PG0072-C/ERR019057	9096	0.7839	-1.42304e+04	4	3.055	23	0.48950	0.46955	0.47104
C08/PG0071-C/ERR019074	C10/PG0063-C/ERR019060	8480	0.9175	-1.47809e+04	4	3.395	23	0.41026	0.41985	0.41686
C08/PG0071-C/ERR019074	C11/PG0064-C/ERR019071	8106	0.6862	-1.34996e+04	4	4.537	33	0.58658	0.58424	0.58887
C08/PG0071-C/ERR019074	C12/PG0058-C/ERR019063	7429	0.6484	-1.26103e+04	4	4.430	31	0.59347	0.64106	0.64327
C08/PG0071-C/ERR019074	C13/PG0054-C/ERR019062	8662	0.8895	-1.47362e+04	3	3.495	26	0.44317	0.42911	0.43154
C08/PG0071-C/ERR019074	C14/PG0060-C/ERR019058	8331	0.6657	-1.34555e+04	4	4.350	32	0.59738	0.58856	0.59100
C08/PG0071-C/ERR019074	C15/PG0057-C/ERR019069	8362	0.8455	-1.38562e+04	3	3.714	28	0.45787	0.47600	0.47882
C09/PG0072-C/ERR019057	C10/PG0063-C/ERR019060	8180	0.8779	-1.41445e+04	4	4.383	30	0.48086	0.46256	0.45841
C09/PG0072-C/ERR019057	C11/PG0064-C/ERR019071	8828	0.7937	-1.44412e+04	4	4.350	32	0.48180	0.47498	0.47904
C09/PG0072-C/ERR019057	C12/PG0058-C/ERR019063	7934	0.7346	-1.31607e+04	4	5.611	40	0.61917	0.56584	0.56883
C09/PG0072-C/ERR019057	C13/PG0054-C/ERR019062	7769	0.7617	-1.32822e+04	4	4.825	35	0.55903	0.55935	0.56244
C09/PG0072-C/ERR019057	C14/PG0060-C/ERR019058	9414	0.8305	-1.48254e+04	4	5.680	41	0.43705	0.41187	0.41407
C09/PG0072-C/ERR019057	C15/PG0057-C/ERR019069	7034	0.6277	-1.17748e+04	4	5.059	33	0.65117	0.67013	0.67227
C10/PG0063-C/ERR019060	C11/PG0064-C/ERR019071	7536	0.8365	-1.39335e+04	4	5.706	42	0.55292	0.52793	0.53227
C10/PG0063-C/ERR019060	C12/PG0058-C/ERR019063	7320	0.8863	-1.36576e+04	4	4.937	36	0.49269	0.51297	0.51597
C10/PG0063-C/ERR019060	C13/PG0054-C/ERR019062	5838	0.6752	-1.16739e+04	4	5.291	33	0.67100	0.70355	0.70384
C10/PG0063-C/ERR019060	C14/PG0060-C/ERR019058	7425	0.7569	-1.32005e+04	4	5.368	37	0.55332	0.57751	0.57558
C10/PG0063-C/ERR019060	C15/PG0057-C/ERR019069	7001	0.8904	-1.30921e+04	4	4.909	37	0.54258	0.53329	0.53733
C11/PG0064-C/ERR019071	C12/PG0058-C/ERR019063	7722	0.7530	-1.35090e+04	4	5.563	40	0.54287	0.56139	0.56604
C11/PG0064-C/ERR019071	C13/PG0054-C/ERR019062	7243	0.7293	-1.32220e+04	4	5.712	41	0.60143	0.60331	0.60957
C11/PG0064-C/ERR019071	C14/PG0060-C/ERR019058	9344	0.8543	-1.54597e+04	4	5.951	43	0.42858	0.40377	0.40937
C11/PG0064-C/ERR019071	C15/PG0057-C/ERR019069	7286	0.7320	-1.28473e+04	4	5.394	39	0.59735	0.60233	0.60546
C12/PG0058-C/ERR019063	C13/PG0054-C/ERR019062	7416	0.8410	-1.34302e+04	4	4.881	35	0.55875	0.53392	0.53557
C12/PG0058-C/ERR019063	C14/PG0060-C/ERR019058	8071	0.7498	-1.36716e+04	4	5.337	37	0.54493	0.54698	0.54401
C12/PG0058-C/ERR019063	C15/PG0057-C/ERR019069	7707	0.8801	-1.35106e+04	4	5.582	41	0.51141	0.49461	0.49747
C13/PG0054-C/ERR019062	C14/PG0060-C/ERR019058	8031	0.7958	-1.38589e+04	4	5.262	40	0.51467	0.52570	0.52874
C13/PG0054-C/ERR019062	C15/PG0057-C/ERR019069	6023	0.6374	-1.13552e+04	4	6.302	38	0.72880	0.71312	0.71691
C14/PG0060-C/ERR019058	C15/PG0057-C/ERR019069	8412	0.8465	-1.40110e+04	4	5.083	38	0.46561	0.47113	0.47522
